cpu averages
	user: 29.3709756098
	nice: 0.0243902439024
	system: 50.9576829268
	iowait: 19.6473170732
	steal: 0.0
	idle: 0.0
sdb averages:
	util: 80.7109756098
	r_await: 95.7419512195
	avgqusz: 77.0541463415
	await: 850.225365854
	rMB: 0.00621951219512
	svctm: 30.437195122
	r: 0.250487804878
	wrqm: 3437.76707317
	w: 112.252317073
	avgrqsz: 213.72597561
	wMB: 13.7568292683
	rrqm: 1.33890243902
	w_await: 851.176219512
