sdb averages:
	util: 109.22
	r_await: 0.0
	avgqusz: 149.070588235
	await: 719.994117647
	rMB: 0.0
	svctm: 2.83647058824
	r: 0.0341176470588
	wrqm: 0.82
	w: 142.542941176
	avgrqsz: 149.925882353
	wMB: 17.7505882353
	rrqm: 0.0
	w_await: 720.083529412
