cpu averages
	user: 20.201
	nice: 0.0333333333333
	system: 34.158
	iowait: 45.6086666667
	steal: 0.0
	idle: 0.0
sdb averages:
	util: 77.3166666667
	r_await: 0.933333333333
	avgqusz: 93.6796666667
	await: 771.114
	rMB: 0.00166666666667
	svctm: 2.94866666667
	r: 0.0666666666667
	wrqm: 2220.72533333
	w: 71.0816666667
	avgrqsz: 144.016
	wMB: 8.843
	rrqm: 0.299666666667
	w_await: 771.288333333
