cpu averages
	user: 36.8309230769
	nice: 0.0386153846154
	system: 62.6375384615
	iowait: 0.493230769231
	steal: 0.0
	idle: 0.0
sdb averages:
	util: 74.3196923077
	r_await: 12.1476923077
	avgqusz: 60.6829230769
	await: 424.937846154
	rMB: 0.00292307692308
	svctm: 5.25246153846
	r: 0.184615384615
	wrqm: 4338.41046154
	w: 141.620923077
	avgrqsz: 251.273230769
	wMB: 17.4161538462
	rrqm: 0.562153846154
	w_await: 425.535846154
