cpu averages
	user: 0.651666666667
	nice: 0.0866666666667
	system: 77.0833333333
	iowait: 22.1816666667
	steal: 0.0
	idle: 0.0
sdd averages:
	util: 104.203333333
	r_await: 10.25
	avgqusz: 63.0483333333
	await: 230.441666667
	rMB: 0.000833333333333
	svctm: 3.84666666667
	r: 0.215
	wrqm: 149.241666667
	w: 271.334166667
	avgrqsz: 717.731666667
	wMB: 95.0658333333
	rrqm: 0.0
	w_await: 230.576666667
