cpu averages
	user: 0.812857142857
	nice: 0.0728571428571
	system: 65.2671428571
	iowait: 33.8471428571
	steal: 0.0
	idle: 0.0
sdd averages:
	util: 87.0685714286
	r_await: 13.8571428571
	avgqusz: 31.1657142857
	await: 133.664285714
	rMB: 0.00428571428571
	svctm: 3.91571428571
	r: 8.38
	wrqm: 119.271428571
	w: 214.417142857
	avgrqsz: 750.272857143
	wMB: 82.0985714286
	rrqm: 0.0
	w_await: 137.21
