cpu averages
	user: 0.170707964602
	nice: 0.0369026548673
	system: 8.7982300885
	iowait: 90.9943362832
	steal: 0.0
	idle: 0.0
sde averages:
	util: 104.142831858
	r_await: 179.615044248
	avgqusz: 149.871946903
	await: 907.520973451
	rMB: 8.84955752212e-05
	svctm: 6.34044247788
	r: 3.30601769912
	wrqm: 9.17761061947
	w: 162.515663717
	avgrqsz: 161.263185841
	wMB: 13.0630973451
	rrqm: 0.0
	w_await: 922.237787611
