cpu averages
	user: 0.216315789474
	nice: 0.0268421052632
	system: 16.6442105263
	iowait: 83.1139473684
	steal: 0.0
	idle: 0.0
sdb averages:
	util: 102.715789474
	r_await: 61.0821052632
	avgqusz: 137.703947368
	await: 636.944473684
	rMB: 0.00921052631579
	svctm: 4.79157894737
	r: 11.6423684211
	wrqm: 24.9378947368
	w: 203.712368421
	avgrqsz: 218.834210526
	wMB: 22.9728947368
	rrqm: 0.0
	w_await: 669.751578947
