cpu averages
	user: 0.0848888888889
	nice: 0.0268
	system: 4.99817777778
	iowait: 94.8900444444
	steal: 0.0
	idle: 0.0
sda averages:
	util: 97.2932888889
	r_await: 146.750666667
	avgqusz: 90.2734222222
	await: 1354.19053333
	rMB: 0.0056
	svctm: 14.5574666667
	r: 12.7421333333
	wrqm: 26.4097333333
	w: 56.2820888889
	avgrqsz: 191.145244444
	wMB: 6.35755555556
	rrqm: 0.0
	w_await: 1613.49711111
