cpu averages
	user: 0.481428571429
	nice: 0.0371428571429
	system: 36.0242857143
	iowait: 63.4557142857
	steal: 0.0
	idle: 0.0
sda averages:
	util: 102.123571429
	r_await: 54.2285714286
	avgqusz: 143.351428571
	await: 403.905
	rMB: 0.00571428571429
	svctm: 2.92785714286
	r: 10.5564285714
	wrqm: 21.1971428571
	w: 339.490714286
	avgrqsz: 232.524285714
	wMB: 39.7528571429
	rrqm: 2.22285714286
	w_await: 414.762142857
