cpu averages
	user: 37.3330645161
	nice: 0.0241935483871
	system: 62.2558064516
	iowait: 0.386774193548
	steal: 0.0
	idle: 0.0
sda averages:
	util: 34.5493548387
	r_await: 8.77419354839
	avgqusz: 21.0291935484
	await: 139.098709677
	rMB: 0.00322580645161
	svctm: 2.33241935484
	r: 0.16935483871
	wrqm: 4493.55387097
	w: 148.088064516
	avgrqsz: 250.422741935
	wMB: 18.1293548387
	rrqm: 0.603225806452
	w_await: 139.273709677
