cpu averages
	user: 35.5445454545
	nice: 0.030303030303
	system: 63.5742424242
	iowait: 0.850909090909
	steal: 0.0
	idle: 0.0
sdb averages:
	util: 63.9184848485
	r_await: 5.63636363636
	avgqusz: 46.9818181818
	await: 344.606363636
	rMB: 0.00181818181818
	svctm: 4.79575757576
	r: 0.0912121212121
	wrqm: 4171.00909091
	w: 133.328484848
	avgrqsz: 253.904545455
	wMB: 16.5481818182
	rrqm: 0.304242424242
	w_await: 344.771818182
