cpu averages
	user: 36.6918867925
	nice: 0.0188679245283
	system: 62.1379245283
	iowait: 1.15169811321
	steal: 0.0
	idle: 0.0
sdb averages:
	util: 61.6716981132
	r_await: 12.5283018868
	avgqusz: 38.7569811321
	await: 300.601509434
	rMB: 0.00320754716981
	svctm: 4.82396226415
	r: 0.169811320755
	wrqm: 3963.66301887
	w: 128.157358491
	avgrqsz: 252.200566038
	wMB: 15.8088679245
	rrqm: 0.547169811321
	w_await: 300.972641509
