cpu averages
	user: 0.0618181818182
	nice: 0.0332085561497
	system: 2.01245989305
	iowait: 97.892513369
	steal: 0.0
	idle: 0.0
sda averages:
	util: 105.057486631
	r_await: 1.45454545455
	avgqusz: 127.343850267
	await: 1894.48406417
	rMB: 0.0
	svctm: 15.7148128342
	r: 0.00288770053476
	wrqm: 1.48443850267
	w: 66.853368984
	avgrqsz: 253.466203209
	wMB: 8.27449197861
	rrqm: 0.0
	w_await: 1894.59673797
