cpu averages
	user: 0.0327492130115
	nice: 0.0341867785939
	system: 0.466862539349
	iowait: 99.4662644281
	steal: 0.0
	idle: 0.0
sdb averages:
	util: 100.185099685
	r_await: 1083.48240294
	avgqusz: 144.056642183
	await: 12368.4494963
	rMB: 2.09863588667e-05
	svctm: 55.2735466946
	r: 0.129139559286
	wrqm: 0.608058761805
	w: 5.68824763903
	avgrqsz: 33.7662959077
	wMB: 0.593168940189
	rrqm: 0.0
	w_await: 12715.3802833
