cpu averages
	user: 0.248529411765
	nice: 0.0155882352941
	system: 25.3717647059
	iowait: 74.3638235294
	steal: 0.0
	idle: 0.0
sda averages:
	util: 106.701176471
	r_await: 56.7632352941
	avgqusz: 151.749705882
	await: 462.664117647
	rMB: 0.000588235294118
	svctm: 3.27794117647
	r: 9.07088235294
	wrqm: 22.5805882353
	w: 317.435588235
	avgrqsz: 221.354411765
	wMB: 35.2835294118
	rrqm: 0.915294117647
	w_await: 474.311764706
