cpu averages
	user: 0.0372222222222
	nice: 0.0237179487179
	system: 0.391538461538
	iowait: 99.5475641026
	steal: 0.0
	idle: 0.0
sdb averages:
	util: 100.965982906
	r_await: 1.12354700855
	avgqusz: 146.443974359
	await: 875.36
	rMB: 8.54700854701e-05
	svctm: 10.9370940171
	r: 0.0276495726496
	wrqm: 0.190769230769
	w: 9.60367521368
	avgrqsz: 37.9790598291
	wMB: 1.19388888889
	rrqm: 0.0
	w_await: 875.744401709
