cpu averages
	user: 0.0881052631579
	nice: 0.0295263157895
	system: 4.61926315789
	iowait: 95.2630526316
	steal: 0.0
	idle: 0.0
sda averages:
	util: 101.914157895
	r_await: 178.269473684
	avgqusz: 142.187368421
	await: 1946.08457895
	rMB: 0.000105263157895
	svctm: 13.7925263158
	r: 4.09815789474
	wrqm: 15.0263157895
	w: 67.8114210526
	avgrqsz: 213.943052632
	wMB: 7.62273684211
	rrqm: 0.0
	w_await: 2050.69842105
