cpu averages
	user: 11.9329230769
	nice: 0.0256923076923
	system: 19.1829230769
	iowait: 68.8578461538
	steal: 0.0
	idle: 0.0
sda averages:
	util: 110.015076923
	r_await: 6.33846153846
	avgqusz: 157.751538462
	await: 2428.19092308
	rMB: 0.000307692307692
	svctm: 17.4496923077
	r: 0.0473846153846
	wrqm: 1564.92738462
	w: 65.9410769231
	avgrqsz: 207.037076923
	wMB: 6.30661538462
	rrqm: 0.0713846153846
	w_await: 2430.69076923
