cpu averages
	user: 0.28
	nice: 0.0419230769231
	system: 19.1996153846
	iowait: 80.4796153846
	steal: 0.0
	idle: 0.0
sda averages:
	util: 125.72
	r_await: 95.6423076923
	avgqusz: 99.2334615385
	await: 792.502692308
	rMB: 0.188461538462
	svctm: 10.2626923077
	r: 6.24461538462
	wrqm: 5.15730769231
	w: 116.420769231
	avgrqsz: 908.610384615
	wMB: 54.3984615385
	rrqm: 0.0
	w_await: 832.541538462
