cpu averages
	user: 70.6140772532
	nice: 0.0321888412017
	system: 28.9479399142
	iowait: 0.405965665236
	steal: 0.0
	idle: 0.0
sdc averages:
	util: 26.0983690987
	r_await: 3.44493562232
	avgqusz: 22.1584978541
	await: 263.289227468
	rMB: 0.00107296137339
	svctm: 4.50489270386
	r: 0.0579399141631
	wrqm: 1484.59021459
	w: 53.1622746781
	avgrqsz: 169.935107296
	wMB: 6.00703862661
	rrqm: 0.191201716738
	w_await: 262.632188841
