cpu averages
	user: 0.0565517241379
	nice: 0.0256157635468
	system: 2.4115270936
	iowait: 97.5065517241
	steal: 0.0
	idle: 0.0
sda averages:
	util: 104.421576355
	r_await: 26.0965517241
	avgqusz: 114.295812808
	await: 1927.09719212
	rMB: 4.92610837438e-05
	svctm: 17.9824137931
	r: 0.0728571428571
	wrqm: 3.1660591133
	w: 59.9618226601
	avgrqsz: 249.311182266
	wMB: 7.30901477833
	rrqm: 0.0
	w_await: 1929.12881773
