cpu averages
	user: 35.6370588235
	nice: 0.0294117647059
	system: 60.4164705882
	iowait: 3.91647058824
	steal: 0.0
	idle: 0.0
sdb averages:
	util: 61.7147058824
	r_await: 8.70588235294
	avgqusz: 48.0311764706
	await: 355.184705882
	rMB: 0.00352941176471
	svctm: 4.82588235294
	r: 0.147647058824
	wrqm: 3980.05058824
	w: 128.090588235
	avgrqsz: 253.634705882
	wMB: 15.9223529412
	rrqm: 0.588235294118
	w_await: 355.508823529
