cpu averages
	user: 0.126315789474
	nice: 0.0668421052632
	system: 10.8036842105
	iowait: 89.0036842105
	steal: 0.0
	idle: 0.0
sdb averages:
	util: 122.468947368
	r_await: 6.52631578947
	avgqusz: 166.799473684
	await: 580.437894737
	rMB: 0.0
	svctm: 4.31421052632
	r: 0.0663157894737
	wrqm: 1.48368421053
	w: 284.2
	avgrqsz: 255.114210526
	wMB: 35.4147368421
	rrqm: 0.0
	w_await: 580.559473684
