cpu averages
	user: 0.112361111111
	nice: 0.0208333333333
	system: 6.67888888889
	iowait: 93.1881944444
	steal: 0.0
	idle: 0.0
sda averages:
	util: 95.2726388889
	r_await: 84.5758333333
	avgqusz: 81.3234722222
	await: 980.725555556
	rMB: 0.00777777777778
	svctm: 11.6355555556
	r: 15.8197222222
	wrqm: 31.2456944444
	w: 66.68875
	avgrqsz: 195.65375
	wMB: 7.82347222222
	rrqm: 0.0352777777778
	w_await: 1197.23986111
