cpu averages
	user: 0.145384615385
	nice: 0.0546153846154
	system: 17.9676923077
	iowait: 81.8315384615
	steal: 0.0
	idle: 0.0
sda averages:
	util: 129.866153846
	r_await: 113.939230769
	avgqusz: 90.9569230769
	await: 706.894615385
	rMB: 0.362307692308
	svctm: 10.2369230769
	r: 12.9823076923
	wrqm: 60.8069230769
	w: 114.267692308
	avgrqsz: 876.59
	wMB: 54.1823076923
	rrqm: 0.311538461538
	w_await: 784.818461538
