cpu averages
	user: 36.9974358974
	nice: 0.0515384615385
	system: 62.6941025641
	iowait: 0.256923076923
	steal: 0.0
	idle: 0.0
sdd averages:
	util: 13.8420512821
	r_await: 2.15384615385
	avgqusz: 2.06384615385
	await: 64.7376923077
	rMB: 0.00333333333333
	svctm: 4.50487179487
	r: 0.166923076923
	wrqm: 3582.77948718
	w: 29.2471794872
	avgrqsz: 930.871025641
	wMB: 14.1094871795
	rrqm: 0.551794871795
	w_await: 64.9535897436
