cpu averages
	user: 71.1687640449
	nice: 0.0337078651685
	system: 28.29
	iowait: 0.507303370787
	steal: 0.0
	idle: 0.0
sdc averages:
	util: 26.6084269663
	r_await: 3.8202247191
	avgqusz: 22.5211235955
	await: 262.840674157
	rMB: 0.000449438202247
	svctm: 6.01921348315
	r: 0.0506741573034
	wrqm: 1534.69078652
	w: 54.0185393258
	avgrqsz: 166.079438202
	wMB: 6.20617977528
	rrqm: 0.0842696629213
	w_await: 260.420898876
