cpu averages
	user: 0.205921052632
	nice: 0.0206578947368
	system: 11.8323684211
	iowait: 87.9413157895
	steal: 0.0
	idle: 0.0
sdb averages:
	util: 105.189605263
	r_await: 63.4068421053
	avgqusz: 150.084868421
	await: 796.560131579
	rMB: 0.00342105263158
	svctm: 5.60802631579
	r: 9.93907894737
	wrqm: 22.065
	w: 178.762368421
	avgrqsz: 213.801052632
	wMB: 19.6464473684
	rrqm: 0.195657894737
	w_await: 837.166578947
