cpu averages
	user: 37.372987013
	nice: 0.025974025974
	system: 62.4905194805
	iowait: 0.110519480519
	steal: 0.0
	idle: 0.0
sdd averages:
	util: 16.6607792208
	r_await: 3.11688311688
	avgqusz: 2.55753246753
	await: 73.5458441558
	rMB: 0.00285714285714
	svctm: 5.25896103896
	r: 0.123636363636
	wrqm: 3712.92961039
	w: 31.9703896104
	avgrqsz: 921.81961039
	wMB: 14.6303896104
	rrqm: 0.525974025974
	w_await: 73.8119480519
