cpu averages
	user: 0.174411764706
	nice: 0.0520588235294
	system: 16.6697058824
	iowait: 83.1032352941
	steal: 0.0
	idle: 0.0
sda averages:
	util: 127.932352941
	r_await: 102.472352941
	avgqusz: 101.826470588
	await: 814.446764706
	rMB: 0.181176470588
	svctm: 10.525
	r: 5.98
	wrqm: 9.40352941176
	w: 115.976176471
	avgrqsz: 905.232647059
	wMB: 53.7802941176
	rrqm: 0.0170588235294
	w_await: 853.365588235
