cpu averages
	user: 0.713076923077
	nice: 0.0392307692308
	system: 50.6369230769
	iowait: 48.6115384615
	steal: 0.0
	idle: 0.0
sdd averages:
	util: 88.2138461538
	r_await: 29.5
	avgqusz: 32.3615384615
	await: 148.316923077
	rMB: 0.01
	svctm: 4.07230769231
	r: 16.8661538462
	wrqm: 48.7546153846
	w: 200.332307692
	avgrqsz: 628.472307692
	wMB: 66.6453846154
	rrqm: 0.0
	w_await: 158.346153846
