cpu averages
	user: 14.1959090909
	nice: 0.0254545454545
	system: 22.0309090909
	iowait: 63.7477272727
	steal: 0.0
	idle: 0.0
sda averages:
	util: 107.393333333
	r_await: 27.9889393939
	avgqusz: 153.358636364
	await: 2420.42318182
	rMB: 0.00318181818182
	svctm: 17.3333333333
	r: 0.218939393939
	wrqm: 1502.06969697
	w: 64.2548484848
	avgrqsz: 201.518484848
	wMB: 6.02621212121
	rrqm: 0.620757575758
	w_await: 2425.86363636
