cpu averages
	user: 36.5112745098
	nice: 0.117647058824
	system: 62.6347058824
	iowait: 0.737352941176
	steal: 0.0
	idle: 0.0
sdb averages:
	util: 66.44
	r_await: 8.87843137255
	avgqusz: 55.1587254902
	await: 472.581862745
	rMB: 0.00264705882353
	svctm: 5.8437254902
	r: 0.191666666667
	wrqm: 3459.4222549
	w: 113.840294118
	avgrqsz: 249.40872549
	wMB: 13.9056862745
	rrqm: 0.460784313725
	w_await: 473.339313725
