sdc averages:
	util: 26.916091954
	r_await: 6.06896551724
	avgqusz: 23.4027586207
	await: 265.385977011
	rMB: 0.000459770114943
	svctm: 7.1083908046
	r: 0.0459770114943
	wrqm: 1563.40770115
	w: 54.9511494253
	avgrqsz: 164.09816092
	wMB: 6.29873563218
	rrqm: 0.0859770114943
	w_await: 261.805402299
