cpu averages
	user: 0.0649090909091
	nice: 0.032
	system: 6.80363636364
	iowait: 93.0992727273
	steal: 0.0
	idle: 0.0
sdb averages:
	util: 120.879090909
	r_await: 6.03636363636
	avgqusz: 165.478727273
	await: 661.822181818
	rMB: 0.0
	svctm: 4.87636363636
	r: 0.0436363636364
	wrqm: 2.11509090909
	w: 248.478181818
	avgrqsz: 251.694909091
	wMB: 30.5456363636
	rrqm: 0.0
	w_await: 661.930909091
