cpu averages
	user: 0.0519064748201
	nice: 0.0234892086331
	system: 0.892410071942
	iowait: 99.0321942446
	steal: 0.0
	idle: 0.0
sdb averages:
	util: 101.421546763
	r_await: 0.0719424460432
	avgqusz: 95.873381295
	await: 8820.84586331
	rMB: 3.59712230216e-05
	svctm: 72.1762589928
	r: 0.0109712230216
	wrqm: 0.187230215827
	w: 17.9942805755
	avgrqsz: 72.2317625899
	wMB: 2.22816546763
	rrqm: 0.0
	w_await: 8820.86848921
