cpu averages
	user: 35.6096153846
	nice: 0.0288461538462
	system: 63.6171153846
	iowait: 0.744615384615
	steal: 0.0
	idle: 0.0
sdb averages:
	util: 65.1646153846
	r_await: 7.03846153846
	avgqusz: 49.5257692308
	await: 379.748461538
	rMB: 0.00365384615385
	svctm: 5.00288461538
	r: 0.221538461538
	wrqm: 4002.51365385
	w: 130.351923077
	avgrqsz: 251.597692308
	wMB: 16.0678846154
	rrqm: 0.623653846154
	w_await: 380.453461538
