cpu averages
	user: 0.104736842105
	nice: 0.0315789473684
	system: 9.05789473684
	iowait: 90.8052631579
	steal: 0.0
	idle: 0.0
sde averages:
	util: 120.036666667
	r_await: 2.45614035088
	avgqusz: 163.163333333
	await: 612.188245614
	rMB: 0.0
	svctm: 4.53649122807
	r: 0.0215789473684
	wrqm: 2.51333333333
	w: 264.668070175
	avgrqsz: 235.592631579
	wMB: 30.4512280702
	rrqm: 0.0
	w_await: 612.240175439
