cpu averages
	user: 0.0809146341463
	nice: 0.070243902439
	system: 1.79420731707
	iowait: 98.0548170732
	steal: 0.0
	idle: 0.0
sda averages:
	util: 104.831158537
	r_await: 3.07317073171
	avgqusz: 130.41
	await: 2127.39865854
	rMB: 0.0
	svctm: 15.8395731707
	r: 0.00957317073171
	wrqm: 1.04957317073
	w: 60.898597561
	avgrqsz: 236.312682927
	wMB: 7.48469512195
	rrqm: 0.0
	w_await: 2127.58987805
