cpu averages
	user: 0.167619047619
	nice: 0.032380952381
	system: 22.2276190476
	iowait: 77.5723809524
	steal: 0.0
	idle: 0.0
sda averages:
	util: 141.505238095
	r_await: 8.47619047619
	avgqusz: 197.096190476
	await: 326.948571429
	rMB: 0.00047619047619
	svctm: 2.36476190476
	r: 0.198095238095
	wrqm: 2.9080952381
	w: 600.828571429
	avgrqsz: 252.471904762
	wMB: 74.1042857143
	rrqm: 0.0
	w_await: 327.032857143
