cpu averages
	user: 0.277647058824
	nice: 0.0433333333333
	system: 16.9719607843
	iowait: 82.707254902
	steal: 0.0
	idle: 0.0
sda averages:
	util: 109.797843137
	r_await: 60.3850980392
	avgqusz: 156.967254902
	await: 545.477843137
	rMB: 0.000392156862745
	svctm: 3.83725490196
	r: 7.73274509804
	wrqm: 18.0447058824
	w: 280.018235294
	avgrqsz: 216.399411765
	wMB: 30.3047058824
	rrqm: 0.629803921569
	w_await: 558.909019608
