cpu averages
	user: 37.0426470588
	nice: 0.0147058823529
	system: 62.1779411765
	iowait: 0.765588235294
	steal: 0.0
	idle: 0.0
sda averages:
	util: 29.2644117647
	r_await: 7.50588235294
	avgqusz: 18.2017647059
	await: 133.16
	rMB: 0.00411764705882
	svctm: 2.18470588235
	r: 0.264705882353
	wrqm: 4107.00735294
	w: 133.579705882
	avgrqsz: 253.312647059
	wMB: 16.5635294118
	rrqm: 0.647647058824
	w_await: 133.485882353
