cpu averages
	user: 0.165294117647
	nice: 0.0432941176471
	system: 8.99341176471
	iowait: 90.798
	steal: 0.0
	idle: 0.0
sde averages:
	util: 105.011529412
	r_await: 157.861176471
	avgqusz: 151.775058824
	await: 855.054705882
	rMB: 0.000117647058824
	svctm: 5.95717647059
	r: 3.55105882353
	wrqm: 11.3755294118
	w: 175.113411765
	avgrqsz: 160.854470588
	wMB: 14.0452941176
	rrqm: 0.0
	w_await: 869.009647059
