cpu averages
	user: 0.0829545454545
	nice: 0.0538636363636
	system: 9.27886363636
	iowait: 90.5843181818
	steal: 0.0
	idle: 0.0
sde averages:
	util: 120.451136364
	r_await: 0.636363636364
	avgqusz: 164.653863636
	await: 614.7975
	rMB: 0.0
	svctm: 4.52159090909
	r: 0.0145454545455
	wrqm: 1.97886363636
	w: 266.372727273
	avgrqsz: 236.152954545
	wMB: 30.7195454545
	rrqm: 0.0
	w_await: 614.827727273
