cpu averages
	user: 12.2650769231
	nice: 0.0338461538462
	system: 19.6218461538
	iowait: 68.0787692308
	steal: 0.0
	idle: 0.0
sda averages:
	util: 109.539384615
	r_await: 33.1043076923
	avgqusz: 156.806615385
	await: 2434.28061538
	rMB: 0.00246153846154
	svctm: 17.4450769231
	r: 0.184307692308
	wrqm: 1545.99184615
	w: 65.4041538462
	avgrqsz: 203.704923077
	wMB: 6.19123076923
	rrqm: 0.503692307692
	w_await: 2440.35892308
