cpu averages
	user: 70.5952941176
	nice: 0.0348128342246
	system: 28.8152406417
	iowait: 0.554919786096
	steal: 0.0
	idle: 0.0
sdc averages:
	util: 25.8489839572
	r_await: 4.91550802139
	avgqusz: 22.7027272727
	await: 271.731176471
	rMB: 0.00112299465241
	svctm: 4.13679144385
	r: 0.069679144385
	wrqm: 1469.59368984
	w: 52.5778074866
	avgrqsz: 162.778716578
	wMB: 5.94679144385
	rrqm: 0.205989304813
	w_await: 271.433529412
