cpu averages
	user: 10.8265909091
	nice: 0.0313636363636
	system: 18.2397727273
	iowait: 70.9022727273
	steal: 0.0
	idle: 0.0
sda averages:
	util: 117.978636364
	r_await: 38.1454545455
	avgqusz: 169.167727273
	await: 2667.72
	rMB: 0.00159090909091
	svctm: 19.1279545455
	r: 0.168636363636
	wrqm: 1809.95954545
	w: 62.8325
	avgrqsz: 235.677727273
	wMB: 7.22272727273
	rrqm: 0.321136363636
	w_await: 2672.9725
