cpu averages
	user: 38.0242622951
	nice: 0.0411475409836
	system: 61.7868852459
	iowait: 0.148032786885
	steal: 0.0
	idle: 0.0
sdd averages:
	util: 14.3824590164
	r_await: 1.54754098361
	avgqusz: 2.16967213115
	await: 67.8375409836
	rMB: 0.00295081967213
	svctm: 4.96032786885
	r: 0.188852459016
	wrqm: 3485.81196721
	w: 29.4045901639
	avgrqsz: 931.370163934
	wMB: 13.7306557377
	rrqm: 0.50868852459
	w_await: 68.097704918
