cpu averages
	user: 38.2982727273
	nice: 0.0546363636364
	system: 61.5881818182
	iowait: 0.059
	steal: 0.0
	idle: 0.0
sdd averages:
	util: 14.4444545455
	r_await: 1.99218181818
	avgqusz: 2.34663636364
	await: 77.1446363636
	rMB: 0.00254545454545
	svctm: 5.18045454545
	r: 0.163636363636
	wrqm: 3249.37063636
	w: 28.3226363636
	avgrqsz: 921.886818182
	wMB: 12.802
	rrqm: 0.440727272727
	w_await: 77.5512727273
