cpu averages
	user: 12.7992307692
	nice: 0.0332307692308
	system: 19.424
	iowait: 67.7443076923
	steal: 0.0
	idle: 0.0
sda averages:
	util: 109.773230769
	r_await: 28.0084615385
	avgqusz: 157.108615385
	await: 2435.97538462
	rMB: 0.00261538461538
	svctm: 17.3847692308
	r: 0.207846153846
	wrqm: 1553.61753846
	w: 65.3776923077
	avgrqsz: 204.262615385
	wMB: 6.22384615385
	rrqm: 0.480153846154
	w_await: 2442.33630769
