cpu averages
	user: 0.0569387755102
	nice: 0.0289115646259
	system: 2.51482993197
	iowait: 97.3992517007
	steal: 0.0
	idle: 0.0
sda averages:
	util: 104.959931973
	r_await: 25.5510204082
	avgqusz: 121.00414966
	await: 1855.79421769
	rMB: 0.0
	svctm: 16.4682993197
	r: 0.068843537415
	wrqm: 2.86931972789
	w: 66.3708163265
	avgrqsz: 249.563061224
	wMB: 8.08897959184
	rrqm: 0.0
	w_await: 1857.22938776
