cpu averages
	user: 71.3828676471
	nice: 0.0331617647059
	system: 28.1173529412
	iowait: 0.466691176471
	steal: 0.0
	idle: 0.0
sdc averages:
	util: 26.6261764706
	r_await: 3.05294117647
	avgqusz: 22.6561764706
	await: 266.673088235
	rMB: 0.00110294117647
	svctm: 5.06198529412
	r: 0.0735294117647
	wrqm: 1511.36419118
	w: 53.5280882353
	avgrqsz: 175.051911765
	wMB: 6.11352941176
	rrqm: 0.194852941176
	w_await: 265.912720588
