cpu averages
	user: 0.169516129032
	nice: 0.0340322580645
	system: 11.7977419355
	iowait: 87.9987096774
	steal: 0.0
	idle: 0.0
sdb averages:
	util: 104.859354839
	r_await: 67.2693548387
	avgqusz: 149.438870968
	await: 835.343387097
	rMB: 0.00145161290323
	svctm: 5.87758064516
	r: 9.7064516129
	wrqm: 20.1774193548
	w: 169.65016129
	avgrqsz: 217.056451613
	wMB: 18.975483871
	rrqm: 0.0
	w_await: 878.850483871
