cpu averages
	user: 0.535454545455
	nice: 0.0236363636364
	system: 48.7118181818
	iowait: 50.7309090909
	steal: 0.0
	idle: 0.0
sdd averages:
	util: 90.8881818182
	r_await: 32.8759090909
	avgqusz: 36.3645454545
	await: 164.905454545
	rMB: 0.01
	svctm: 4.12681818182
	r: 16.625
	wrqm: 45.1290909091
	w: 203.838636364
	avgrqsz: 611.844090909
	wMB: 65.845
	rrqm: 0.0
	w_await: 175.686363636
