cpu averages
	user: 0.0983720930233
	nice: 0.0437209302326
	system: 6.97581395349
	iowait: 92.8823255814
	steal: 0.0
	idle: 0.0
sdb averages:
	util: 121.221395349
	r_await: 4.93023255814
	avgqusz: 165.15
	await: 641.869534884
	rMB: 0.0
	svctm: 4.75720930233
	r: 0.0425581395349
	wrqm: 1.88697674419
	w: 255.711627907
	avgrqsz: 251.708604651
	wMB: 31.4395348837
	rrqm: 0.0
	w_await: 641.970697674
