cpu averages
	user: 0.181724137931
	nice: 0.0372413793103
	system: 3.82482758621
	iowait: 95.9555172414
	steal: 0.0
	idle: 0.0
sda averages:
	util: 104.674827586
	r_await: 0.551724137931
	avgqusz: 125.260689655
	await: 1592.00206897
	rMB: 0.0
	svctm: 13.7013793103
	r: 0.0186206896552
	wrqm: 0.807586206897
	w: 76.4003448276
	avgrqsz: 254.275517241
	wMB: 9.49
	rrqm: 0.0
	w_await: 1592.21586207
