cpu averages
	user: 0.140588235294
	nice: 0.0294852941176
	system: 5.16529411765
	iowait: 94.6645588235
	steal: 0.0
	idle: 0.0
sda averages:
	util: 96.9242647059
	r_await: 123.625147059
	avgqusz: 77.0608823529
	await: 1152.55411765
	rMB: 0.00698529411765
	svctm: 14.5341176471
	r: 12.6491176471
	wrqm: 25.8480882353
	w: 54.9283088235
	avgrqsz: 191.972279412
	wMB: 6.28154411765
	rrqm: 0.0186029411765
	w_await: 1384.51485294
