cpu averages
	user: 36.5483516484
	nice: 0.0274725274725
	system: 62.9898901099
	iowait: 0.434725274725
	steal: 0.0
	idle: 0.0
sda averages:
	util: 32.4263736264
	r_await: 7.65274725275
	avgqusz: 20.9584615385
	await: 161.19956044
	rMB: 0.00428571428571
	svctm: 2.54175824176
	r: 0.198131868132
	wrqm: 3831.08813187
	w: 126.727032967
	avgrqsz: 249.447362637
	wMB: 15.4597802198
	rrqm: 0.820549450549
	w_await: 161.418901099
