cpu averages
	user: 0.721111111111
	nice: 0.0677777777778
	system: 43.5388888889
	iowait: 55.6722222222
	steal: 0.0
	idle: 0.0
sda averages:
	util: 118.307777778
	r_await: 5.77777777778
	avgqusz: 159.495555556
	await: 293.375555556
	rMB: 0.0
	svctm: 2.20111111111
	r: 0.138888888889
	wrqm: 1.79888888889
	w: 537.267777778
	avgrqsz: 255.616666667
	wMB: 67.0766666667
	rrqm: 0.0
	w_await: 293.438888889
