cpu averages
	user: 0.0520491803279
	nice: 0.0300819672131
	system: 2.04114754098
	iowait: 97.8766393443
	steal: 0.0
	idle: 0.0
sda averages:
	util: 104.48295082
	r_await: 2.17213114754
	avgqusz: 114.57147541
	await: 1993.42934426
	rMB: 8.19672131148e-05
	svctm: 18.3672131148
	r: 0.0223770491803
	wrqm: 1.23106557377
	w: 57.3653278689
	avgrqsz: 253.286721311
	wMB: 7.09942622951
	rrqm: 0.0
	w_await: 1993.76614754
