sdc averages:
	util: 27.6868292683
	r_await: 8.32512195122
	avgqusz: 24.8924390244
	await: 237.598292683
	rMB: 0.00146341463415
	svctm: 5.15097560976
	r: 0.109512195122
	wrqm: 1677.99829268
	w: 57.5219512195
	avgrqsz: 155.739512195
	wMB: 6.63609756098
	rrqm: 0.195365853659
	w_await: 235.725609756
