cpu averages
	user: 0.0892307692308
	nice: 0.0296449704142
	system: 5.51289940828
	iowait: 94.3684615385
	steal: 0.0
	idle: 0.0
sda averages:
	util: 96.9843195266
	r_await: 122.148106509
	avgqusz: 80.3644378698
	await: 1143.28650888
	rMB: 0.00609467455621
	svctm: 13.7656213018
	r: 13.6311242604
	wrqm: 27.9960946746
	w: 60.0928994083
	avgrqsz: 190.85183432
	wMB: 6.8049112426
	rrqm: 0.0
	w_await: 1374.09136095
