cpu averages
	user: 0.252105263158
	nice: 0.0
	system: 20.9031578947
	iowait: 78.8442105263
	steal: 0.0
	idle: 0.0
sda averages:
	util: 126.631578947
	r_await: 107.594736842
	avgqusz: 94.4373684211
	await: 722.17
	rMB: 0.275263157895
	svctm: 10.0242105263
	r: 7.57421052632
	wrqm: 3.32842105263
	w: 119.029473684
	avgrqsz: 902.435789474
	wMB: 55.6726315789
	rrqm: 0.0
	w_await: 765.676315789
