cpu averages
	user: 0.101724137931
	nice: 0.0193103448276
	system: 8.75068965517
	iowait: 91.1272413793
	steal: 0.0
	idle: 0.0
sdb averages:
	util: 122.526551724
	r_await: 4.96551724138
	avgqusz: 165.821724138
	await: 593.417241379
	rMB: 0.0
	svctm: 4.42931034483
	r: 0.0634482758621
	wrqm: 1.70689655172
	w: 277.220344828
	avgrqsz: 252.803793103
	wMB: 34.2327586207
	rrqm: 0.0
	w_await: 593.535862069
