cpu averages
	user: 0.172142857143
	nice: 0.0535714285714
	system: 17.1482142857
	iowait: 82.6253571429
	steal: 0.0
	idle: 0.0
sda averages:
	util: 146.496785714
	r_await: 3.92857142857
	avgqusz: 204.959642857
	await: 340.808928571
	rMB: 0.000357142857143
	svctm: 2.44321428571
	r: 0.145
	wrqm: 3.36428571429
	w: 601.842142857
	avgrqsz: 251.937857143
	wMB: 74.0460714286
	rrqm: 0.0
	w_await: 340.884285714
