cpu averages
	user: 0.471304347826
	nice: 0.044347826087
	system: 30.1669565217
	iowait: 69.3169565217
	steal: 0.0
	idle: 0.0
sda averages:
	util: 102.656956522
	r_await: 53.2895652174
	avgqusz: 146.219565217
	await: 437.78826087
	rMB: 0.00173913043478
	svctm: 3.0947826087
	r: 9.63
	wrqm: 21.6060869565
	w: 322.767391304
	avgrqsz: 228.434782609
	wMB: 37.0830434783
	rrqm: 1.35304347826
	w_await: 449.233043478
